19 21
1 3
1 3 175 144 1.18
2 4 146 126 1.44
3 1 133 126 1.89
2 3
1 1 558 55 2.52
2 1 546 97 2.72
3 1 484 115 2.90
3 1
1 1 1260 100 1.45
4 1
1 1 1197 77 1.99
5 5
1 2 137 112 1.10
2 3 126 61 2.00
3 2 121 121 1.44
4 4 106 76 1.14
5 1 101 120 1.48
6 1
1 3 310 122 2.55
7 2
1 2 258 72 2.39
2 3 237 78 1.01
8 3
1 1 276 81 1.17
2 2 226 136 0.98
3 2 214 144 1.50
9 4
1 3 150 81 0.92
2 1 141 88 2.53
3 2 134 146 2.08
4 4 131 72 1.91
10 4
1 1 150 146 1.88
2 4 146 130 1.12
3 3 132 54 2.58
4 3 129 144 2.29
11 3
1 3 194 138 2.77
2 2 176 117 1.68
3 3 135 70 2.50
12 3
1 2 191 54 1.75
2 4 179 96 1.92
3 2 168 69 1.94
13 1
1 2 760 91 1.89
14 1
1 1 1598 82 2.51
15 2
1 4 334 137 1.42
2 1 272 132 1.71
16 2
1 4 229 149 2.79
2 2 212 62 2.95
17 3
1 3 152 56 1.80
2 3 148 127 2.36
3 4 117 69 1.55
18 4
1 3 147 59 0.91
2 1 127 114 2.00
3 4 125 127 1.47
4 1 114 81 1.47
19 2
1 3 317 94 2.37
2 2 237 103 2.14
20 3
1 2 143 88 2.97
2 3 130 76 0.74
3 4 103 75 2.85
21 1
1 1 1230 87 1.61
0 669 0.49 1858 0.44 2198 0.20 1557 0.31 1991 0.47 1911 0.30 1047 0.48 1562 0.48 1916 0.42 2093 0.39 1949 0.42 1759 0.31 1918 0.25 1821 0.45 1473 0.12 1909 0.16 1823 0.32 1960 0.45 1698 0.45 1568 0.16 1648 0.45 1667 
1 76 0 169 7 0.3 67 0.4 29 0.3 51 0.4 58 0.4 70 0.2 37 0.5 10 0.2 23 0.2 55 0.1 37 0.3 37 0.3 49 0.3 91 0.4 93 0.3 95 0.3 42 0.4 94 0.4 49 0.2 81 0.4 40 0.2 71 
2 72 0 119 5 0.5 78 0.2 95 0.1 26 0.1 86 0.2 84 0.3 55 0.2 56 0.1 21 0.2 55 0.4 99 0.3 99 0.4 65 0.4 30 0.1 31 0.4 37 0.5 92 0.4 96 0.4 35 0.2 51 0.5 41 0.2 33 
3 25 0 91 5 0.1 32 0.4 62 0.4 21 0.4 50 0.4 35 0.2 22 0.2 26 0.3 83 0.2 62 0.2 13 0.1 40 0.2 11 0.3 50 0.4 30 0.5 29 0.2 48 0.2 22 0.1 68 0.4 48 0.5 85 0.3 10 
4 34 0 147 6 0.3 58 0.2 82 0.2 31 0.1 10 0.1 93 0.3 74 0.3 22 0.3 78 0.3 30 0.1 72 0.4 90 0.5 70 0.2 35 0.4 46 0.3 62 0.4 27 0.5 18 0.1 44 0.4 40 0.3 23 0.2 56 
5 137 0 144 11 0.5 14 0.5 78 0.2 59 0.2 57 0.2 83 0.1 41 0.3 16 0.2 23 0.1 96 0.2 93 0.3 48 0.3 80 0.5 15 0.2 93 0.3 47 0.4 48 0.2 80 0.4 58 0.3 12 0.4 84 0.4 27 
6 39 0 147 2 0.2 75 0.5 93 0.3 32 0.1 76 0.2 62 0.4 21 0.4 90 0.3 76 0.3 55 0.5 24 0.3 25 0.3 89 0.3 58 0.4 90 0.2 93 0.4 54 0.3 84 0.5 22 0.1 81 0.5 14 0.2 65 
7 94 0 170 6 0.4 86 0.1 57 0.3 85 0.2 59 0.4 81 0.4 34 0.2 82 0.2 54 0.4 35 0.2 33 0.4 20 0.4 82 0.4 91 0.4 47 0.4 89 0.2 89 0.3 43 0.3 49 0.4 48 0.1 25 0.2 94 
8 67 0 115 16 0.4 51 0.4 11 0.3 19 0.2 80 0.5 50 0.4 18 0.4 66 0.2 51 0.3 90 0.4 97 0.5 36 0.2 57 0.3 92 0.2 88 0.2 58 0.3 81 0.2 43 0.3 17 0.5 65 0.5 96 0.2 81 
9 48 0 168 4 0.3 65 0.4 57 0.2 52 0.2 45 0.2 64 0.5 55 0.3 24 0.4 17 0.4 31 0.2 55 0.3 88 0.3 67 0.3 35 0.4 88 0.4 29 0.1 60 0.3 35 0.3 85 0.4 71 0.2 20 0.5 85 
10 58 0 141 6 0.4 45 0.2 55 0.3 62 0.2 36 0.4 92 0.2 51 0.1 83 0.1 11 0.5 76 0.5 98 0.2 96 0.3 84 0.3 78 0.3 34 0.1 89 0.4 42 0.4 72 0.5 72 0.2 65 0.2 14 0.3 27 
11 83 0 147 4 0.2 18 0.4 91 0.4 60 0.2 49 0.1 47 0.2 25 0.4 53 0.2 80 0.2 54 0.4 53 0.2 72 0.5 15 0.2 97 0.3 33 0.3 48 0.2 94 0.3 11 0.5 38 0.2 94 0.3 39 0.3 55 
12 142 0 145 8 0.2 93 0.4 70 0.1 51 0.2 11 0.3 23 0.2 74 0.4 17 0.1 71 0.2 22 0.1 57 0.5 27 0.3 77 0.4 22 0.4 44 0.3 95 0.2 29 0.4 44 0.3 30 0.4 46 0.3 52 0.1 36 
13 68 0 146 4 0.3 39 0.2 61 0.1 64 0.2 53 0.3 36 0.2 28 0.2 56 0.4 87 0.3 77 0.5 95 0.5 44 0.5 10 0.5 16 0.5 27 0.3 21 0.2 72 0.2 88 0.4 86 0.2 32 0.2 20 0.2 30 
14 70 0 155 12 0.3 77 0.3 80 0.5 54 0.4 37 0.2 63 0.2 53 0.4 81 0.1 66 0.1 80 0.1 99 0.2 33 0.3 62 0.2 68 0.3 46 0.4 72 0.1 16 0.2 85 0.2 83 0.5 70 0.2 70 0.4 84 
15 54 0 112 3 0.4 29 0.4 98 0.5 60 0.3 86 0.1 90 0.1 44 0.3 16 0.4 42 0.3 92 0.3 43 0.1 55 0.2 75 0.5 97 0.3 53 0.1 75 0.3 34 0.4 85 0.1 38 0.4 90 0.1 57 0.5 53 
16 67 0 131 8 0.3 61 0.3 11 0.4 55 0.2 90 0.4 22 0.5 52 0.5 27 0.4 64 0.2 58 0.5 35 0.3 37 0.2 81 0.2 99 0.2 84 0.4 75 0.2 77 0.4 73 0.5 48 0.4 52 0.3 41 0.3 34 
17 51 0 188 3 0.1 79 0.3 24 0.5 18 0.2 97 0.2 16 0.5 11 0.4 99 0.2 41 0.1 19 0.2 68 0.3 90 0.4 71 0.3 31 0.1 66 0.3 65 0.4 16 0.4 41 0.3 13 0.1 62 0.4 64 0.4 61 
18 79 0 192 19 0.2 42 0.1 57 0.4 50 0.5 41 0.5 44 0.3 65 0.2 23 0.5 86 0.3 29 0.3 99 0.5 38 0.3 18 0.5 62 0.2 62 0.3 42 0.1 39 0.2 61 0.4 22 0.3 56 0.2 99 0.5 48 
19 74 0 185 4 0.4 48 0.4 60 0.4 56 0.2 80 0.5 99 0.2 47 0.3 20 0.3 70 0.3 32 0.1 24 0.4 91 0.4 16 0.3 77 0.5 49 0.1 49 0.3 91 0.4 60 0.4 92 0.5 14 0.2 36 0.1 25 
0	1238	2398	2183	3214	2930	3709	2627	2677	4229	4627	7891	6341	5047	8006	8159	6765	5946	6358	7358	1238	0	1494	2632	3662	3379	4158	2981	2021	2146	3635	8387	6790	5496	8455	8608	4640	3305	4275	6364	2398	1494	0	1601	2796	3238	5164	5015	4078	2793	3192	7260	5882	5355	9456	9609	8215	4510	4922	5921	2183	2632	1601	0	1891	2612	4538	4389	5695	4410	2728	8321	4734	4728	8829	8982	7588	6127	6539	10465	3214	3662	2796	1891	0	2215	4969	5555	5706	5101	3516	8540	2461	3515	5884	10149	8755	6818	7230	10685	2930	3379	3238	2612	2215	0	3473	3747	4835	5363	5762	10464	4635	2941	3534	8340	6946	7080	7492	12609	3709	4158	5164	4538	4969	3473	0	2414	4284	7443	7841	11105	6156	3717	2665	5409	5614	6987	9572	10572	2627	2981	5015	4389	5555	3747	2414	0	2529	4682	7534	10798	9248	5936	5609	5163	3257	5280	6999	10265	2677	2021	4078	5695	5706	4835	4284	2529	0	2262	4024	8782	8279	6985	8671	12308	3795	2634	4353	6759	4229	2146	2793	4410	5101	5363	7443	4682	2262	0	2963	7715	7088	6674	10782	13585	6304	3788	2695	5692	4627	3635	3192	2728	3516	5762	7841	7534	4024	2963	0	4835	6483	9225	16701	14517	7359	4843	4670	2912	7891	8387	7260	8321	8540	10464	11105	10798	8782	7715	4835	0	5588	9427	13244	16886	16800	13183	8395	5501	6341	6790	5882	4734	2461	4635	6156	9248	8279	7088	6483	5588	0	3283	6031	13975	11825	16986	12198	9304	5047	5496	5355	4728	3515	2941	3717	5936	6985	6674	9225	9427	3283	0	3751	9949	14877	8610	15703	12809	8006	8455	9456	8829	5884	3534	2665	5609	8671	10782	16701	13244	6031	3751	0	4242	7261	15593	20098	17203	8159	8608	9609	8982	10149	8340	5409	5163	12308	13585	14517	16886	13975	9949	4242	0	5068	9132	13855	17429	6765	4640	8215	7588	8755	6946	5614	3257	3795	6304	7359	16800	11825	14877	7261	5068	0	5031	10025	13600	5946	3305	4510	6127	6818	7080	6987	5280	2634	3788	4843	13183	16986	8610	15593	9132	5031	0	3757	10358	6358	4275	4922	6539	7230	7492	9572	6999	4353	2695	4670	8395	12198	15703	20098	13855	10025	3757	0	5639	7358	6364	5921	10465	10685	12609	10572	10265	6759	5692	2912	5501	9304	12809	17203	17429	13600	10358	5639	0	