19 28
1 5
1 3 132 120 2.86
2 4 114 141 0.58
3 2 107 75 2.66
4 3 105 62 2.39
5 1 91 97 2.72
2 1
1 4 346 135 2.31
3 4
1 1 203 50 2.63
2 2 201 85 2.99
3 3 188 80 1.28
4 1 162 50 2.02
4 5
1 2 131 134 2.13
2 4 115 69 2.20
3 1 112 144 1.42
4 3 103 82 1.46
5 2 101 117 2.99
5 3
1 3 239 120 1.53
2 1 232 118 1.85
3 2 187 53 0.70
6 2
1 1 249 105 2.54
2 4 224 134 2.49
7 2
1 1 622 134 2.12
2 1 540 76 2.86
8 4
1 1 162 68 1.21
2 3 138 135 2.79
3 2 126 96 2.89
4 4 118 105 1.65
9 1
1 4 292 117 2.99
10 4
1 1 139 120 2.74
2 2 124 147 1.52
3 4 121 123 1.76
4 3 108 149 1.19
11 2
1 3 287 74 2.03
2 1 271 69 2.96
12 1
1 1 1275 89 2.03
13 2
1 3 232 52 1.96
2 4 157 99 1.83
14 2
1 3 197 113 1.04
2 4 161 79 1.39
15 3
1 4 185 126 0.72
2 2 150 146 2.18
3 1 145 148 2.42
16 2
1 2 222 54 2.73
2 4 164 98 1.34
17 3
1 1 184 119 2.15
2 4 154 53 0.99
3 3 141 73 1.95
18 3
1 1 372 66 0.60
2 1 344 117 2.93
3 2 317 92 2.49
19 1
1 3 398 71 2.43
20 1
1 2 977 124 0.56
21 1
1 1 1340 103 1.11
22 3
1 4 212 67 2.03
2 2 182 138 2.22
3 2 168 147 1.14
23 2
1 3 258 71 2.33
2 3 225 144 1.83
24 1
1 2 739 59 1.63
25 2
1 2 318 100 0.60
2 2 255 74 2.74
26 4
1 4 115 69 1.81
2 2 106 75 1.07
3 4 97 81 1.27
4 2 89 78 0.78
27 3
1 1 561 52 0.56
2 1 461 56 1.74
3 1 398 130 0.59
28 4
1 2 212 51 1.73
2 1 172 143 1.49
3 4 157 82 1.59
4 1 155 115 2.55
0 721 0.43 1779 0.16 1847 0.36 1739 0.29 1426 0.15 1590 0.10 1965 0.39 1719 0.20 2087 0.34 1091 0.19 1314 0.35 2070 0.21 1591 0.12 1574 0.15 1724 0.42 1577 0.32 1706 0.47 2002 0.27 1598 0.13 1472 0.47 1681 0.12 1459 0.10 1569 0.37 1514 0.38 1720 0.10 1132 0.48 1498 0.16 1628 0.30 1805 
1 134 0 157 4 0.3 79 0.4 69 0.4 60 0.5 83 0.4 52 0.2 21 0.5 70 0.4 28 0.5 78 0.3 38 0.2 84 0.4 73 0.1 77 0.1 21 0.5 75 0.1 11 0.4 81 0.4 57 0.2 76 0.4 44 0.3 55 0.4 51 0.1 29 0.3 78 0.2 15 0.4 84 0.3 69 0.2 77 
2 67 0 111 13 0.3 55 0.1 21 0.3 69 0.4 21 0.1 32 0.5 72 0.2 71 0.4 90 0.2 28 0.1 18 0.1 54 0.2 12 0.2 52 0.2 13 0.3 83 0.1 32 0.4 49 0.3 77 0.3 72 0.3 27 0.4 73 0.5 92 0.4 70 0.4 57 0.3 75 0.1 45 0.2 74 0.3 64 
3 55 0 154 7 0.5 54 0.5 88 0.1 47 0.4 98 0.5 44 0.2 56 0.4 30 0.4 46 0.3 35 0.5 36 0.3 26 0.4 24 0.2 29 0.2 47 0.4 71 0.3 62 0.3 38 0.2 47 0.2 56 0.4 55 0.1 76 0.4 65 0.4 99 0.5 94 0.1 30 0.2 39 0.4 72 0.1 62 
4 104 0 162 14 0.4 58 0.1 19 0.2 61 0.4 83 0.5 67 0.2 61 0.4 77 0.5 81 0.2 48 0.1 71 0.4 86 0.2 79 0.3 46 0.1 83 0.4 14 0.3 20 0.2 40 0.4 83 0.3 15 0.3 64 0.2 96 0.5 53 0.4 89 0.3 43 0.2 10 0.5 71 0.2 79 0.2 98 
5 97 0 136 18 0.5 19 0.3 61 0.1 91 0.4 93 0.2 93 0.4 80 0.2 26 0.4 14 0.2 38 0.5 30 0.4 36 0.2 17 0.3 34 0.3 23 0.4 28 0.2 10 0.2 76 0.3 35 0.5 12 0.4 93 0.2 57 0.3 93 0.1 62 0.5 77 0.5 53 0.4 15 0.1 46 0.2 67 
6 46 0 153 8 0.3 87 0.4 87 0.4 60 0.4 78 0.4 53 0.4 36 0.2 43 0.1 79 0.1 20 0.3 66 0.3 46 0.5 16 0.3 70 0.3 19 0.4 34 0.1 67 0.4 72 0.3 26 0.5 55 0.3 67 0.5 55 0.4 76 0.3 96 0.2 92 0.2 55 0.2 34 0.5 95 0.1 68 
7 68 0 152 14 0.3 31 0.4 95 0.4 86 0.3 77 0.2 51 0.4 88 0.3 11 0.2 99 0.2 80 0.3 74 0.2 85 0.4 37 0.2 91 0.3 55 0.3 38 0.2 25 0.3 53 0.2 58 0.4 14 0.2 91 0.4 14 0.3 90 0.2 34 0.1 96 0.5 43 0.2 16 0.3 30 0.1 97 
8 88 0 122 2 0.4 92 0.2 21 0.1 88 0.2 63 0.4 11 0.2 69 0.2 52 0.4 55 0.2 30 0.5 27 0.2 56 0.5 86 0.1 14 0.5 48 0.3 30 0.1 43 0.3 38 0.2 37 0.1 65 0.4 79 0.1 72 0.5 53 0.3 57 0.4 40 0.1 10 0.4 47 0.2 45 0.1 57 
9 38 0 167 12 0.3 58 0.5 17 0.4 51 0.4 16 0.3 29 0.4 91 0.4 72 0.3 89 0.3 17 0.5 79 0.5 66 0.3 10 0.2 12 0.2 41 0.2 58 0.3 79 0.4 47 0.4 50 0.2 13 0.3 92 0.4 87 0.3 62 0.1 14 0.2 17 0.4 60 0.3 87 0.2 92 0.3 43 
10 96 0 105 2 0.1 50 0.2 66 0.4 21 0.3 36 0.2 36 0.3 45 0.5 73 0.3 12 0.3 84 0.5 62 0.2 98 0.4 72 0.2 94 0.2 60 0.2 44 0.2 79 0.3 17 0.5 72 0.5 14 0.4 78 0.4 59 0.3 95 0.2 95 0.4 71 0.5 27 0.2 91 0.3 17 0.2 24 
11 36 0 170 10 0.4 89 0.5 56 0.3 79 0.3 18 0.3 13 0.2 35 0.2 12 0.3 47 0.5 59 0.2 61 0.4 55 0.3 50 0.4 92 0.3 40 0.4 69 0.1 99 0.1 58 0.2 45 0.4 97 0.4 75 0.2 16 0.2 55 0.5 52 0.2 76 0.4 61 0.2 92 0.1 21 0.4 32 
12 102 0 117 2 0.4 63 0.2 89 0.3 43 0.2 94 0.2 74 0.2 14 0.4 26 0.2 64 0.4 41 0.4 12 0.1 37 0.4 88 0.2 61 0.5 98 0.4 69 0.4 97 0.2 75 0.4 84 0.4 22 0.2 79 0.5 19 0.4 40 0.5 13 0.4 12 0.3 75 0.4 86 0.5 55 0.4 80 
13 96 0 174 6 0.5 68 0.5 14 0.5 10 0.4 11 0.3 59 0.4 72 0.5 89 0.2 46 0.2 64 0.1 16 0.4 49 0.3 82 0.1 62 0.1 44 0.3 34 0.1 44 0.4 91 0.2 83 0.5 39 0.3 93 0.3 22 0.4 94 0.2 34 0.4 82 0.4 37 0.1 33 0.3 59 0.1 48 
14 32 0 118 9 0.2 65 0.4 63 0.2 15 0.3 51 0.4 84 0.4 25 0.4 56 0.1 53 0.4 22 0.1 58 0.2 12 0.3 13 0.2 52 0.3 89 0.4 26 0.4 72 0.5 35 0.2 80 0.4 72 0.1 68 0.2 47 0.4 38 0.1 12 0.2 64 0.5 25 0.4 34 0.5 14 0.4 69 
15 42 0 109 9 0.1 32 0.3 25 0.4 18 0.4 85 0.5 45 0.3 77 0.4 81 0.2 53 0.3 16 0.5 85 0.2 92 0.2 79 0.2 58 0.3 58 0.2 80 0.2 67 0.4 43 0.3 97 0.3 70 0.2 76 0.4 44 0.4 66 0.3 76 0.3 29 0.5 51 0.1 56 0.3 79 0.4 34 
16 131 0 174 3 0.3 48 0.2 45 0.1 10 0.3 85 0.2 39 0.2 76 0.3 45 0.3 81 0.4 21 0.4 98 0.4 59 0.3 41 0.3 94 0.1 48 0.4 91 0.3 12 0.4 59 0.5 64 0.2 25 0.4 65 0.1 15 0.4 54 0.4 37 0.4 71 0.2 15 0.5 86 0.1 86 0.3 63 
17 137 0 183 6 0.3 81 0.4 27 0.1 86 0.1 91 0.3 67 0.2 65 0.1 95 0.2 90 0.2 39 0.2 60 0.2 65 0.3 88 0.2 35 0.3 82 0.3 42 0.2 37 0.3 36 0.4 48 0.2 38 0.5 27 0.1 23 0.5 50 0.3 75 0.2 38 0.2 53 0.1 41 0.1 90 0.5 90 
18 43 0 194 10 0.3 26 0.3 65 0.4 11 0.4 17 0.3 53 0.2 31 0.4 17 0.3 41 0.3 28 0.3 25 0.3 25 0.4 98 0.1 52 0.5 24 0.5 23 0.4 42 0.5 76 0.2 85 0.2 93 0.2 79 0.3 46 0.1 91 0.3 72 0.3 30 0.2 78 0.3 11 0.2 60 0.4 88 
19 31 0 124 13 0.5 91 0.3 54 0.2 79 0.3 78 0.4 60 0.3 93 0.2 57 0.3 83 0.4 99 0.2 27 0.4 35 0.4 63 0.4 70 0.4 33 0.4 42 0.1 38 0.3 33 0.3 94 0.1 18 0.4 65 0.4 75 0.1 34 0.1 29 0.3 77 0.4 94 0.4 13 0.5 74 0.2 75 
0	1238	2398	2183	3214	2930	3709	2627	2677	4229	4627	7891	6341	5047	8006	8159	6765	5946	6358	7358	1238	0	1494	2632	3662	3379	4158	2981	2021	2146	3635	8387	6790	5496	8455	8608	4640	3305	4275	6364	2398	1494	0	1601	2796	3238	5164	5015	4078	2793	3192	7260	5882	5355	9456	9609	8215	4510	4922	5921	2183	2632	1601	0	1891	2612	4538	4389	5695	4410	2728	8321	4734	4728	8829	8982	7588	6127	6539	10465	3214	3662	2796	1891	0	2215	4969	5555	5706	5101	3516	8540	2461	3515	5884	10149	8755	6818	7230	10685	2930	3379	3238	2612	2215	0	3473	3747	4835	5363	5762	10464	4635	2941	3534	8340	6946	7080	7492	12609	3709	4158	5164	4538	4969	3473	0	2414	4284	7443	7841	11105	6156	3717	2665	5409	5614	6987	9572	10572	2627	2981	5015	4389	5555	3747	2414	0	2529	4682	7534	10798	9248	5936	5609	5163	3257	5280	6999	10265	2677	2021	4078	5695	5706	4835	4284	2529	0	2262	4024	8782	8279	6985	8671	12308	3795	2634	4353	6759	4229	2146	2793	4410	5101	5363	7443	4682	2262	0	2963	7715	7088	6674	10782	13585	6304	3788	2695	5692	4627	3635	3192	2728	3516	5762	7841	7534	4024	2963	0	4835	6483	9225	16701	14517	7359	4843	4670	2912	7891	8387	7260	8321	8540	10464	11105	10798	8782	7715	4835	0	5588	9427	13244	16886	16800	13183	8395	5501	6341	6790	5882	4734	2461	4635	6156	9248	8279	7088	6483	5588	0	3283	6031	13975	11825	16986	12198	9304	5047	5496	5355	4728	3515	2941	3717	5936	6985	6674	9225	9427	3283	0	3751	9949	14877	8610	15703	12809	8006	8455	9456	8829	5884	3534	2665	5609	8671	10782	16701	13244	6031	3751	0	4242	7261	15593	20098	17203	8159	8608	9609	8982	10149	8340	5409	5163	12308	13585	14517	16886	13975	9949	4242	0	5068	9132	13855	17429	6765	4640	8215	7588	8755	6946	5614	3257	3795	6304	7359	16800	11825	14877	7261	5068	0	5031	10025	13600	5946	3305	4510	6127	6818	7080	6987	5280	2634	3788	4843	13183	16986	8610	15593	9132	5031	0	3757	10358	6358	4275	4922	6539	7230	7492	9572	6999	4353	2695	4670	8395	12198	15703	20098	13855	10025	3757	0	5639	7358	6364	5921	10465	10685	12609	10572	10265	6759	5692	2912	5501	9304	12809	17203	17429	13600	10358	5639	0	