19 21
1 1
1 2 767 71 2.03
2 2
1 4 151 135 1.21
2 4 119 110 1.35
3 3
1 2 268 73 1.39
2 3 246 71 1.07
3 1 199 78 1.15
4 5
1 4 148 66 0.53
2 4 131 50 0.75
3 1 119 114 1.63
4 3 118 119 2.73
5 1 109 95 2.13
5 4
1 4 101 131 1.58
2 4 97 146 1.07
3 2 86 52 1.40
4 4 70 130 0.77
6 1
1 2 814 89 1.25
7 2
1 2 302 129 2.97
2 3 238 62 1.69
8 1
1 4 381 145 1.03
9 3
1 1 379 55 2.35
2 2 364 68 0.91
3 1 311 105 1.43
10 2
1 4 172 93 2.64
2 4 144 85 2.02
11 3
1 2 220 123 2.63
2 4 179 81 1.19
3 1 168 114 1.01
12 1
1 1 1361 128 1.61
13 1
1 3 427 96 1.88
14 3
1 1 157 102 1.69
2 4 128 142 0.55
3 4 122 112 1.66
15 1
1 4 333 136 0.73
16 2
1 1 370 65 1.35
2 3 341 103 0.82
17 2
1 4 310 145 2.18
2 1 246 80 2.09
18 2
1 1 505 108 1.75
2 2 494 135 0.50
19 3
1 1 210 87 0.75
2 1 202 82 2.54
3 4 164 106 0.89
20 3
1 4 196 127 1.63
2 1 188 109 0.90
3 2 178 81 0.57
21 5
1 3 127 57 1.75
2 1 123 58 1.70
3 4 118 98 0.86
4 3 115 128 2.51
5 2 112 63 1.19
0 945 0.21 1884 0.36 1565 0.15 1458 0.30 1855 0.33 1572 0.25 2134 0.45 1813 0.23 1944 0.20 1422 0.43 1760 0.16 1433 0.29 1436 0.47 1920 0.28 1242 0.27 1826 0.14 1731 0.42 1495 0.14 1558 0.46 1131 0.11 1824 0.44 1476 
1 88 0 119 16 0.4 55 0.4 19 0.4 62 0.3 88 0.3 52 0.4 52 0.3 68 0.2 18 0.2 11 0.4 49 0.1 48 0.3 34 0.2 59 0.5 71 0.2 18 0.3 46 0.3 77 0.3 97 0.2 30 0.3 64 0.1 96 
2 110 0 136 13 0.5 72 0.4 82 0.5 39 0.3 18 0.4 59 0.4 18 0.3 22 0.2 76 0.4 80 0.2 64 0.2 65 0.5 55 0.5 79 0.3 89 0.4 66 0.4 34 0.4 48 0.5 34 0.3 40 0.4 43 0.1 26 
3 64 0 181 5 0.5 50 0.5 43 0.1 88 0.5 44 0.5 10 0.1 39 0.3 97 0.4 60 0.3 16 0.4 56 0.1 35 0.3 69 0.4 19 0.1 47 0.4 60 0.3 27 0.4 98 0.2 49 0.2 73 0.3 50 0.2 15 
4 134 0 170 4 0.2 90 0.2 17 0.3 80 0.3 94 0.3 17 0.1 98 0.3 40 0.2 87 0.2 73 0.3 40 0.2 24 0.2 43 0.3 81 0.5 96 0.3 98 0.3 87 0.2 19 0.1 48 0.3 39 0.3 15 0.3 15 
5 53 0 132 6 0.3 48 0.4 26 0.4 69 0.1 62 0.3 38 0.5 49 0.4 92 0.4 91 0.4 35 0.5 23 0.1 59 0.3 76 0.4 39 0.3 52 0.2 75 0.3 55 0.3 82 0.3 90 0.4 33 0.3 26 0.2 99 
6 143 0 185 11 0.4 22 0.5 13 0.3 96 0.3 84 0.4 94 0.5 99 0.3 32 0.3 56 0.1 26 0.3 96 0.2 73 0.2 13 0.5 74 0.1 66 0.3 98 0.2 93 0.4 83 0.4 85 0.3 24 0.4 81 0.2 92 
7 74 0 129 7 0.5 67 0.1 90 0.4 79 0.2 69 0.4 24 0.4 72 0.2 60 0.1 21 0.4 42 0.4 17 0.4 44 0.1 24 0.5 41 0.2 61 0.5 18 0.3 30 0.1 80 0.4 74 0.3 37 0.2 70 0.4 52 
8 82 0 96 5 0.3 26 0.4 52 0.2 12 0.3 71 0.3 21 0.4 88 0.2 15 0.4 38 0.5 27 0.1 49 0.3 54 0.5 67 0.1 56 0.4 27 0.4 44 0.2 75 0.4 66 0.4 30 0.3 53 0.3 20 0.4 28 
9 45 0 102 5 0.3 41 0.4 67 0.2 72 0.3 84 0.2 42 0.1 99 0.2 61 0.4 75 0.2 97 0.2 60 0.3 33 0.5 87 0.4 14 0.4 15 0.1 65 0.3 89 0.4 31 0.4 33 0.3 94 0.3 38 0.2 21 
10 87 0 105 10 0.5 70 0.3 55 0.2 98 0.4 98 0.2 28 0.4 10 0.2 68 0.4 61 0.2 67 0.2 85 0.3 45 0.2 57 0.4 51 0.4 73 0.2 31 0.5 12 0.3 97 0.1 51 0.2 21 0.5 41 0.3 97 
11 66 0 119 4 0.3 72 0.2 31 0.1 11 0.2 49 0.4 93 0.2 52 0.2 42 0.4 12 0.2 25 0.2 23 0.3 84 0.4 88 0.4 52 0.4 32 0.4 73 0.4 92 0.5 47 0.1 63 0.3 18 0.3 90 0.2 39 
12 120 0 154 15 0.4 48 0.4 60 0.1 84 0.3 79 0.3 66 0.4 51 0.3 21 0.5 32 0.4 94 0.2 38 0.3 56 0.4 24 0.5 40 0.4 35 0.2 93 0.5 21 0.1 76 0.3 26 0.3 20 0.4 41 0.3 90 
13 107 0 109 18 0.2 40 0.4 80 0.3 45 0.1 70 0.3 51 0.3 78 0.4 30 0.2 75 0.5 41 0.3 72 0.4 92 0.3 95 0.2 93 0.5 33 0.4 16 0.4 37 0.4 95 0.3 80 0.4 97 0.5 58 0.4 62 
14 165 0 180 10 0.5 24 0.5 85 0.2 67 0.3 87 0.4 84 0.2 59 0.4 65 0.2 77 0.3 95 0.3 63 0.1 97 0.3 29 0.2 49 0.3 14 0.1 69 0.3 43 0.2 49 0.1 57 0.3 63 0.2 72 0.5 98 
15 156 0 187 5 0.3 76 0.1 26 0.4 16 0.2 91 0.2 76 0.4 90 0.2 50 0.4 77 0.4 39 0.4 77 0.5 73 0.4 26 0.3 87 0.4 70 0.5 58 0.2 69 0.2 42 0.3 53 0.1 63 0.3 25 0.2 96 
16 108 0 185 9 0.1 20 0.3 12 0.4 35 0.3 29 0.2 40 0.5 49 0.4 88 0.1 55 0.5 89 0.5 43 0.4 14 0.2 97 0.2 86 0.5 97 0.2 88 0.3 80 0.2 47 0.1 92 0.4 27 0.5 82 0.4 77 
17 105 0 166 15 0.1 99 0.4 22 0.4 23 0.3 67 0.2 94 0.2 45 0.4 65 0.4 17 0.3 66 0.2 69 0.2 45 0.1 68 0.2 29 0.4 25 0.3 31 0.1 21 0.1 67 0.3 56 0.4 89 0.4 29 0.3 47 
18 122 0 153 11 0.1 65 0.2 70 0.2 79 0.3 93 0.3 12 0.3 15 0.2 37 0.4 37 0.4 64 0.4 13 0.4 25 0.4 95 0.2 37 0.3 60 0.1 22 0.4 73 0.4 45 0.2 28 0.1 77 0.4 31 0.3 99 
19 62 0 152 7 0.4 70 0.1 17 0.3 93 0.3 30 0.4 73 0.4 71 0.3 68 0.4 96 0.5 54 0.2 99 0.5 96 0.2 59 0.2 76 0.4 45 0.2 82 0.4 50 0.2 38 0.2 34 0.3 32 0.5 81 0.2 30 
0	1238	2398	2183	3214	2930	3709	2627	2677	4229	4627	7891	6341	5047	8006	8159	6765	5946	6358	7358	1238	0	1494	2632	3662	3379	4158	2981	2021	2146	3635	8387	6790	5496	8455	8608	4640	3305	4275	6364	2398	1494	0	1601	2796	3238	5164	5015	4078	2793	3192	7260	5882	5355	9456	9609	8215	4510	4922	5921	2183	2632	1601	0	1891	2612	4538	4389	5695	4410	2728	8321	4734	4728	8829	8982	7588	6127	6539	10465	3214	3662	2796	1891	0	2215	4969	5555	5706	5101	3516	8540	2461	3515	5884	10149	8755	6818	7230	10685	2930	3379	3238	2612	2215	0	3473	3747	4835	5363	5762	10464	4635	2941	3534	8340	6946	7080	7492	12609	3709	4158	5164	4538	4969	3473	0	2414	4284	7443	7841	11105	6156	3717	2665	5409	5614	6987	9572	10572	2627	2981	5015	4389	5555	3747	2414	0	2529	4682	7534	10798	9248	5936	5609	5163	3257	5280	6999	10265	2677	2021	4078	5695	5706	4835	4284	2529	0	2262	4024	8782	8279	6985	8671	12308	3795	2634	4353	6759	4229	2146	2793	4410	5101	5363	7443	4682	2262	0	2963	7715	7088	6674	10782	13585	6304	3788	2695	5692	4627	3635	3192	2728	3516	5762	7841	7534	4024	2963	0	4835	6483	9225	16701	14517	7359	4843	4670	2912	7891	8387	7260	8321	8540	10464	11105	10798	8782	7715	4835	0	5588	9427	13244	16886	16800	13183	8395	5501	6341	6790	5882	4734	2461	4635	6156	9248	8279	7088	6483	5588	0	3283	6031	13975	11825	16986	12198	9304	5047	5496	5355	4728	3515	2941	3717	5936	6985	6674	9225	9427	3283	0	3751	9949	14877	8610	15703	12809	8006	8455	9456	8829	5884	3534	2665	5609	8671	10782	16701	13244	6031	3751	0	4242	7261	15593	20098	17203	8159	8608	9609	8982	10149	8340	5409	5163	12308	13585	14517	16886	13975	9949	4242	0	5068	9132	13855	17429	6765	4640	8215	7588	8755	6946	5614	3257	3795	6304	7359	16800	11825	14877	7261	5068	0	5031	10025	13600	5946	3305	4510	6127	6818	7080	6987	5280	2634	3788	4843	13183	16986	8610	15593	9132	5031	0	3757	10358	6358	4275	4922	6539	7230	7492	9572	6999	4353	2695	4670	8395	12198	15703	20098	13855	10025	3757	0	5639	7358	6364	5921	10465	10685	12609	10572	10265	6759	5692	2912	5501	9304	12809	17203	17429	13600	10358	5639	0	