19 7
1 5
1 1 110 63 0.62
2 3 109 108 2.91
3 3 97 74 2.62
4 2 96 114 2.26
5 3 89 132 1.02
2 5
1 3 119 93 0.97
2 3 115 91 0.77
3 3 106 52 2.65
4 3 98 56 2.03
5 2 81 98 1.91
3 5
1 2 138 70 2.57
2 2 122 110 1.76
3 4 115 72 2.03
4 2 114 142 2.50
5 1 100 149 2.77
4 1
1 2 883 98 2.58
5 5
1 3 129 78 0.87
2 1 128 60 0.61
3 2 104 95 1.97
4 4 95 70 1.30
5 1 90 57 0.57
6 1
1 3 403 63 2.05
7 3
1 3 224 99 2.48
2 2 205 66 0.56
3 2 155 91 1.42
0 791 0.32 1830 0.40 1542 0.13 2049 0.43 1578 0.31 1521 0.36 1681 0.48 1491 
1 122 0 166 11 0.2 37 0.4 53 0.1 90 0.3 29 0.3 53 0.3 71 0.3 80 
2 87 0 153 13 0.4 73 0.1 68 0.4 45 0.3 36 0.3 65 0.4 35 0.3 78 
3 107 0 162 13 0.3 69 0.2 82 0.5 82 0.2 98 0.4 35 0.3 77 0.2 16 
4 82 0 171 15 0.1 67 0.2 89 0.4 94 0.4 53 0.3 86 0.2 56 0.3 75 
5 86 0 165 8 0.3 38 0.5 42 0.5 33 0.4 63 0.2 23 0.5 85 0.4 15 
6 57 0 120 19 0.1 71 0.3 53 0.4 90 0.4 96 0.3 34 0.2 77 0.4 59 
7 31 0 109 10 0.2 77 0.2 61 0.2 22 0.2 54 0.4 95 0.2 26 0.4 22 
8 180 0 181 5 0.4 89 0.3 59 0.5 74 0.4 39 0.2 71 0.2 94 0.4 35 
9 76 0 132 2 0.3 67 0.2 34 0.4 16 0.4 63 0.3 64 0.5 50 0.1 67 
10 58 0 184 8 0.5 40 0.3 68 0.2 13 0.1 92 0.3 77 0.2 66 0.4 29 
11 67 0 83 10 0.3 12 0.1 72 0.3 15 0.3 76 0.5 10 0.2 31 0.2 47 
12 105 0 136 9 0.4 20 0.2 41 0.1 59 0.1 88 0.3 72 0.5 61 0.1 56 
13 110 0 117 2 0.4 44 0.3 15 0.2 38 0.3 75 0.2 11 0.5 16 0.1 60 
14 48 0 123 8 0.2 26 0.2 97 0.4 78 0.3 55 0.4 73 0.1 41 0.1 51 
15 79 0 162 12 0.3 21 0.4 84 0.5 87 0.2 80 0.3 23 0.2 74 0.1 56 
16 98 0 145 11 0.3 99 0.5 27 0.2 41 0.4 85 0.3 11 0.4 77 0.4 57 
17 33 0 99 15 0.3 64 0.5 26 0.4 53 0.2 30 0.2 14 0.5 39 0.3 77 
18 111 0 122 11 0.2 59 0.2 67 0.4 61 0.4 62 0.2 86 0.3 34 0.4 97 
19 46 0 143 9 0.1 14 0.5 86 0.4 66 0.4 90 0.3 63 0.4 59 0.2 73 
0	1238	2398	2183	3214	2930	3709	2627	2677	4229	4627	7891	6341	5047	8006	8159	6765	5946	6358	7358	1238	0	1494	2632	3662	3379	4158	2981	2021	2146	3635	8387	6790	5496	8455	8608	4640	3305	4275	6364	2398	1494	0	1601	2796	3238	5164	5015	4078	2793	3192	7260	5882	5355	9456	9609	8215	4510	4922	5921	2183	2632	1601	0	1891	2612	4538	4389	5695	4410	2728	8321	4734	4728	8829	8982	7588	6127	6539	10465	3214	3662	2796	1891	0	2215	4969	5555	5706	5101	3516	8540	2461	3515	5884	10149	8755	6818	7230	10685	2930	3379	3238	2612	2215	0	3473	3747	4835	5363	5762	10464	4635	2941	3534	8340	6946	7080	7492	12609	3709	4158	5164	4538	4969	3473	0	2414	4284	7443	7841	11105	6156	3717	2665	5409	5614	6987	9572	10572	2627	2981	5015	4389	5555	3747	2414	0	2529	4682	7534	10798	9248	5936	5609	5163	3257	5280	6999	10265	2677	2021	4078	5695	5706	4835	4284	2529	0	2262	4024	8782	8279	6985	8671	12308	3795	2634	4353	6759	4229	2146	2793	4410	5101	5363	7443	4682	2262	0	2963	7715	7088	6674	10782	13585	6304	3788	2695	5692	4627	3635	3192	2728	3516	5762	7841	7534	4024	2963	0	4835	6483	9225	16701	14517	7359	4843	4670	2912	7891	8387	7260	8321	8540	10464	11105	10798	8782	7715	4835	0	5588	9427	13244	16886	16800	13183	8395	5501	6341	6790	5882	4734	2461	4635	6156	9248	8279	7088	6483	5588	0	3283	6031	13975	11825	16986	12198	9304	5047	5496	5355	4728	3515	2941	3717	5936	6985	6674	9225	9427	3283	0	3751	9949	14877	8610	15703	12809	8006	8455	9456	8829	5884	3534	2665	5609	8671	10782	16701	13244	6031	3751	0	4242	7261	15593	20098	17203	8159	8608	9609	8982	10149	8340	5409	5163	12308	13585	14517	16886	13975	9949	4242	0	5068	9132	13855	17429	6765	4640	8215	7588	8755	6946	5614	3257	3795	6304	7359	16800	11825	14877	7261	5068	0	5031	10025	13600	5946	3305	4510	6127	6818	7080	6987	5280	2634	3788	4843	13183	16986	8610	15593	9132	5031	0	3757	10358	6358	4275	4922	6539	7230	7492	9572	6999	4353	2695	4670	8395	12198	15703	20098	13855	10025	3757	0	5639	7358	6364	5921	10465	10685	12609	10572	10265	6759	5692	2912	5501	9304	12809	17203	17429	13600	10358	5639	0	