19 7
1 5
1 2 128 107 2.31
2 1 127 92 0.53
3 4 119 94 2.47
4 1 105 80 0.94
5 4 96 149 2.97
2 3
1 2 158 96 0.96
2 4 156 128 2.45
3 3 128 70 0.78
3 2
1 2 395 121 2.38
2 2 304 113 1.49
4 3
1 3 154 64 2.94
2 4 145 143 0.83
3 4 117 71 0.54
5 4
1 3 162 60 2.17
2 1 136 102 1.72
3 3 112 58 1.75
4 3 110 114 1.24
6 3
1 3 126 130 3.00
2 4 118 109 1.66
3 3 113 110 2.99
7 1
1 1 1310 93 2.47
0 749 0.23 1431 0.31 1753 0.30 1928 0.42 1752 0.33 1911 0.46 1673 0.20 2202 
1 38 0 172 7 0.1 42 0.1 21 0.2 39 0.2 95 0.2 47 0.5 38 0.3 65 
2 69 0 116 15 0.2 87 0.2 99 0.4 93 0.3 10 0.4 24 0.3 49 0.2 67 
3 82 0 102 7 0.2 61 0.3 67 0.4 42 0.1 97 0.3 34 0.4 47 0.3 53 
4 96 0 125 12 0.1 62 0.3 88 0.2 93 0.3 31 0.3 52 0.4 40 0.4 94 
5 151 0 155 8 0.2 12 0.4 32 0.3 48 0.4 67 0.2 95 0.1 76 0.3 66 
6 30 0 82 4 0.2 40 0.3 34 0.1 43 0.2 47 0.3 78 0.2 65 0.4 42 
7 103 0 112 4 0.2 24 0.2 58 0.5 96 0.3 76 0.1 73 0.3 93 0.5 95 
8 73 0 87 5 0.3 50 0.2 82 0.3 39 0.1 39 0.5 78 0.3 54 0.3 26 
9 29 0 121 10 0.3 52 0.2 58 0.5 45 0.3 55 0.4 25 0.5 61 0.4 58 
10 65 0 105 17 0.4 79 0.2 12 0.5 49 0.3 65 0.1 88 0.5 47 0.1 84 
11 119 0 169 11 0.5 44 0.3 23 0.3 15 0.2 57 0.5 56 0.5 79 0.1 85 
12 66 0 130 7 0.4 79 0.2 28 0.3 55 0.5 60 0.1 65 0.1 54 0.3 32 
13 58 0 101 7 0.2 51 0.4 97 0.2 88 0.1 69 0.4 77 0.2 54 0.3 38 
14 153 0 178 18 0.1 91 0.3 99 0.3 59 0.2 39 0.1 10 0.4 32 0.2 88 
15 94 0 161 5 0.1 60 0.3 37 0.4 81 0.5 67 0.4 41 0.1 13 0.1 19 
16 62 0 151 13 0.1 77 0.3 66 0.5 92 0.4 65 0.4 82 0.2 53 0.2 45 
17 90 0 151 13 0.5 30 0.3 56 0.2 52 0.4 83 0.3 95 0.3 72 0.4 67 
18 60 0 181 11 0.3 56 0.1 10 0.2 86 0.2 98 0.2 30 0.3 23 0.1 84 
19 61 0 166 6 0.3 81 0.2 34 0.2 91 0.2 37 0.3 49 0.5 33 0.3 82 
0	1238	2398	2183	3214	2930	3709	2627	2677	4229	4627	7891	6341	5047	8006	8159	6765	5946	6358	7358	1238	0	1494	2632	3662	3379	4158	2981	2021	2146	3635	8387	6790	5496	8455	8608	4640	3305	4275	6364	2398	1494	0	1601	2796	3238	5164	5015	4078	2793	3192	7260	5882	5355	9456	9609	8215	4510	4922	5921	2183	2632	1601	0	1891	2612	4538	4389	5695	4410	2728	8321	4734	4728	8829	8982	7588	6127	6539	10465	3214	3662	2796	1891	0	2215	4969	5555	5706	5101	3516	8540	2461	3515	5884	10149	8755	6818	7230	10685	2930	3379	3238	2612	2215	0	3473	3747	4835	5363	5762	10464	4635	2941	3534	8340	6946	7080	7492	12609	3709	4158	5164	4538	4969	3473	0	2414	4284	7443	7841	11105	6156	3717	2665	5409	5614	6987	9572	10572	2627	2981	5015	4389	5555	3747	2414	0	2529	4682	7534	10798	9248	5936	5609	5163	3257	5280	6999	10265	2677	2021	4078	5695	5706	4835	4284	2529	0	2262	4024	8782	8279	6985	8671	12308	3795	2634	4353	6759	4229	2146	2793	4410	5101	5363	7443	4682	2262	0	2963	7715	7088	6674	10782	13585	6304	3788	2695	5692	4627	3635	3192	2728	3516	5762	7841	7534	4024	2963	0	4835	6483	9225	16701	14517	7359	4843	4670	2912	7891	8387	7260	8321	8540	10464	11105	10798	8782	7715	4835	0	5588	9427	13244	16886	16800	13183	8395	5501	6341	6790	5882	4734	2461	4635	6156	9248	8279	7088	6483	5588	0	3283	6031	13975	11825	16986	12198	9304	5047	5496	5355	4728	3515	2941	3717	5936	6985	6674	9225	9427	3283	0	3751	9949	14877	8610	15703	12809	8006	8455	9456	8829	5884	3534	2665	5609	8671	10782	16701	13244	6031	3751	0	4242	7261	15593	20098	17203	8159	8608	9609	8982	10149	8340	5409	5163	12308	13585	14517	16886	13975	9949	4242	0	5068	9132	13855	17429	6765	4640	8215	7588	8755	6946	5614	3257	3795	6304	7359	16800	11825	14877	7261	5068	0	5031	10025	13600	5946	3305	4510	6127	6818	7080	6987	5280	2634	3788	4843	13183	16986	8610	15593	9132	5031	0	3757	10358	6358	4275	4922	6539	7230	7492	9572	6999	4353	2695	4670	8395	12198	15703	20098	13855	10025	3757	0	5639	7358	6364	5921	10465	10685	12609	10572	10265	6759	5692	2912	5501	9304	12809	17203	17429	13600	10358	5639	0	